#------------------------------
# Station 1: (-6.1,  0.2)
# Station 2: (-3.2,  0.1)
# Station 3: (-0.3,  0.3)
# Station 4: ( 3.3,  0.2)
# Station 5: ( 5.8,  0.1)
# Station 6: ( 0.4,  6.2)
# Station 7: ( 0.0,  2.7)
# Station 8: (-0.4, -3.3)
# Station 9: (-0.1, -6.0)
#------------------------------

set S := 1 2 3 4 5 6 7 8 9;
param vr := 30.0;
param vb := 20.0;
param tc := 20.0;
param pc := 100.0;

param p: 1 2 3 4 5 6 7 8 9 :=
1   0  50 300 500 200  70 100 300 100
2  60   0 180 400 160 120 170 360 120
3  40 100   0 210 310 190 160 220 160
4  60 300 200   0  90 130  90 120  90
5  70 210 300 240   0  60 100  80  40
6  90 200 250 230  70   0 100 290 100
7  80 160 180 270 120  70   0 290 110
8  50 260 260 180 190  70  80   0  90
9  70 150 240 210  50 100 120  50   0
;

param dr: 1 2 3 4 5 6 7 8 9 :=
1  0.00  2.90  5.81  9.41 11.91 11.75  8.23  9.41 12.13
2  2.90  0.00  2.91  6.51  9.01  8.85  5.33  6.51  9.22
3  5.81  2.91  0.00  3.60  6.10  5.94  2.42  3.60  6.32
4  9.41  6.51  3.60  0.00  2.50  9.54  6.02  7.20  9.92
5 11.91  9.01  6.10  2.50  0.00 12.04  8.52  9.70 12.42
6 11.75  8.85  5.94  9.54 12.04  0.00  3.52  9.54 12.26
7  8.23  5.33  2.42  6.02  8.52  3.52  0.00  6.02  8.74
8  9.41  6.51  3.60  7.20  9.70  9.54  6.02  0.00  2.72
9 12.13  9.22  6.32  9.92 12.42 12.26  8.74  2.72  0.00
;

param db: 1 2 3 4 5 6 7 8 9 :=
1  0.00  3.48  6.96 11.28 14.28 10.62  7.91  8.03 10.35
2  3.48  0.00  3.49  7.80 10.80  8.50  4.95  5.29  8.21
3  6.96  3.49  0.00  4.32  7.32  7.13  2.90  4.32  7.56
4 11.28  7.80  4.32  0.00  3.00  8.00  4.97  6.11  8.49
5 14.28 10.80  7.32  3.00  0.00  9.78  7.63  8.49 10.18
6 10.62  8.50  7.13  8.00  9.78  0.00  4.23 11.44 14.65
7  7.91  4.95  2.90  4.97  7.63  4.23  0.00  7.22 10.44
8  8.03  5.29  4.32  6.11  8.49 11.44  7.22  0.00  3.26
9 10.35  8.21  7.56  8.49 10.18 14.65 10.44  3.26  0.00
;

param cb: 1 2 3 4 5 6 7 8 9 :=
1   0 200 230 260 290 290 260 260 290
2 200   0 200 230 260 260 230 230 260
3 230 200   0 200 230 230 200 200 230
4 260 230 200   0 200 260 230 230 260
5 290 260 230 200   0 290 260 260 290
6 290 260 230 260 290   0 200 260 290
7 260 230 200 230 260 200   0 230 260
8 260 230 200 230 260 260 230   0 200
9 290 260 230 260 290 290 260 200   0
;

end;

#------------------------------
